300000
100000
Current
Active
45700.0
0.0
0.0
1234567890300000
112
0.0
15000.0
false
300001
100000
Current
Active
100001.0
0.0
0.0
1234567890300001
113
495.0
19010.0
true
300002
100001
Current
Active
94000.0
0.0
0.0
1234567890300002
114
0.0
20000.0
true
300003
100002
Savings
Active
90000.0
0.0
0.02
1234567890300003
115
0.0
20000.0
true
300004
100003
Current
Active
5026999.0
0.0
0.0
1234567890300004
116
0.0
20000.0
true
300005
100004
Savings
Active
708000.0
0.0
0.02
1234567890300005
117
0.0
20000.0
true
300006
100005
Current
Active
592000.0
0.0
0.0
1234567890300006
118
0.0
20000.0
true
